4214870331427527
1857613003434496
8584260665600441
4250798116355208
8698210554278662
1812487678560754
3574632190011623
4197673892621791
4348696396722517
5546881623916346
0762573113547738
4999325426253231
5187859735550133
8383832799553223
8047430318310433
9886994403500851
1200117405739232
7017382995994286
7874036517782142
1496988273493944
9716471189762554
5486781195640777
1483170814770815
9741827664354234
1688880756032086
8263414297295028
0044521807586574
2665902956662578
9765722849682986
1285986487247865
7285698269507183
7673840693670538
1894340750476775
8553033720803736
5256659477058546
9078926590788489
7476602141071723
8858550416537301
2440706611734755
7806031722823690
4531479444663534
1983979969653464
9281439988022475
5406758590039658
9551869170904773
1770812138779099
3858823423166201
9990379077081850
6320121566292644
9336677150034079
4037490667089457
3163783034580044
7581606054695793
7015911620715854
0434577518388576
5941387723271228
0519013300090084
0301060409431274
1558175918501804
1603123006729920
8967780764384858
3067106488526432
3806097679464717
8706232361300126
4308867532267960
2876797532578723
4377022062552488
8924556924319518
6843441522510364
8775750365716007
5841610668418088
9895231554079236
3872939358813422
2105202032505873
9946550425471029
0849184137736347
9212198042495631
5778440212886299
9370050497597231
3045734302741985
2620231511919363
6929397905906830
2757842238689131
4242922941138912
3643831729477539
2101663911565655
0139460990663509
7939235467531135
5498984041598453
2718695411565323
9453354275881590
5544945033067111
