4214238338503479
8703269050037976
3142238680592494
7527154330657038
1857022600091617
6130848988006240
0343638192600919
4496394411225668
8584121540320504
2606822675735447
6560500412920522
0441157247325757
4250795074701185
7981415791416847
1635020794582789
5208611182209063
8698188253075733
2105752806722871
5427305643250557
8662847363228887
1812378467497965
4876899257087908
7856410133148846
0754911396830919
3574403049294273
6321885391609061
9001358324775432
1623821849733526
4197276067323463
6738720678315332
9262155683379175
1791580983104974
4348996378032642
6963401668642013
9672796555342839
2517180938494805
5546554618427536
8816917295390626
2391268569663665
6346608341446263
0762936410918079
5731252578228831
1354556343538306
7738847806946361
4999126768572915
3254392928497941
2625646486771456
3231887243503506
5187115298704161
8597330852433503
3555534204711623
0133725855588613
8383906205054562
8327076453149560
9955237299843686
3223390145177019
8047536789129628
4303679131691576
1831819872862921
0433961612633716
9886108350974006
9944263887873834
0350433023303235
0851621457262244
1200835289700889
1174081420629197
0573367549987189
9232702077764886
7017093603942307
3829551528519465
9599914451436376
4286294872703051
7874580092319499
0365760810255731
1778828326541754
2142774641187574
1496592454213196
9882275765678626
7349819775623867
3944221084158921
9716477791363792
4711589997408480
8976559602452987
2554390806717313
5486089910451458
7811665313975422
9564128182349204
0777491378092802
1483769972806216
1708980865929443
1477141756862482
0815271444965330
9741388429557986
