4214926298861477
7285165317705469
8967243108493868
9453477617435926
6052161827713041
0312629641547329
3779511509631456
3911597663965986
9442829912190687
7199657804304879
9434568091659950
1279024019215256
6657307574806603
8581281283652081
0964178448498660
3322274050427931
5151593987052622
3379745689854343
8343767430822436
2719030047860558
2578400044328141
0932027604395301
6493430153163073
7069837908210512
3918544192304163
6759149985654515
7620097791061210
4654090325434945
1199778383462568
1336940395114477
6579678861019759
5473080958842895
6653740745753289
0947009684974894
9437083477403791
9045779533343525
5477053331532259
3486877999753538
6484859122246127
4027516550511453
0857547876269376
4933392206671480
3128481662441224
9659047516958588
2474864773259642
0877418612823356
5284697772154757
7092221811302694
8594216678249724
8229048516980094
9589649186927867
9946259461434974
8694564822168103
7010293624107837
4966671133913594
2005187234734430
9459544225904540
7420235478873503
9175876708394916
8447939620266849
3615385419822405
9485897765255478
3769747952106982
8894856388242151
1632298535289485
1529038102715800
8969204847097006
7159526866273236
0330087968710751
7201364499004574
6702093393315705
1651754914997263
3663519487685306
3305730254103707
2556156188276181
0049283725886595
8453885339016653
2808540412945194
5430796693445462
3851581637471023
9263348113713902
1359851839058882
9778719967986039
6139801582296647
2973672245712981
8034167953265751
7685420373082016
3807888641295515
2647064842685755
9588543261861615
9827722654657889
1190351831637759
